1.187500000000000000e+00 0.000000000000000000e+00
1.250000000000000000e+00 2.731839999999999889e-58
1.252099999999999991e+00 2.915200000000000143e-58
1.255100000000000104e+00 3.197780000000000373e-58
1.258099999999999996e+00 3.506569999999999780e-58
1.261100000000000110e+00 3.843910000000000391e-58
1.264100000000000001e+00 4.212309999999999380e-58
1.267099999999999893e+00 4.614510000000000129e-58
1.270100000000000007e+00 5.053460000000000524e-58
1.273100000000000120e+00 5.532369999999999936e-58
1.276100000000000012e+00 6.054720000000000471e-58
1.279100000000000126e+00 6.624259999999999899e-58
1.282100000000000017e+00 7.245070000000000592e-58
1.285099999999999909e+00 7.921550000000001196e-58
1.288100000000000023e+00 8.658470000000000076e-58
1.291100000000000136e+00 9.460980000000000807e-58
1.294100000000000028e+00 1.033459999999999961e-57
1.297100000000000142e+00 1.128550000000000065e-57
1.300100000000000033e+00 1.232010000000000126e-57
1.303099999999999925e+00 1.344529999999999953e-57
1.306099999999999817e+00 1.466900000000000015e-57
1.309100000000000152e+00 1.599910000000000355e-57
1.312100000000000044e+00 1.744460000000000098e-57
1.315099999999999936e+00 1.901499999999999829e-57
1.318100000000000049e+00 2.072070000000000103e-57
1.321099999999999941e+00 2.257269999999999946e-57
1.324099999999999833e+00 2.458299999999999888e-57
1.327099999999999946e+00 2.676450000000000148e-57
1.330100000000000060e+00 2.913110000000000467e-57
1.333099999999999952e+00 3.169780000000000521e-57
1.336100000000000065e+00 3.448079999999999751e-57
1.339099999999999957e+00 3.749750000000000204e-57
1.342099999999999849e+00 4.076640000000000174e-57
1.345099999999999962e+00 4.430790000000000281e-57
1.348100000000000076e+00 4.814350000000000228e-57
1.351099999999999968e+00 5.229650000000000221e-57
1.354100000000000081e+00 5.679199999999999839e-57
1.357099999999999973e+00 6.165690000000000862e-57
1.360099999999999865e+00 6.692029999999999273e-57
1.363099999999999978e+00 7.261299999999999925e-57
1.366100000000000092e+00 7.876869999999999901e-57
1.369099999999999984e+00 8.542309999999999863e-57
1.372100000000000097e+00 9.261480000000000622e-57
1.375099999999999989e+00 1.003850000000000051e-56
1.378099999999999881e+00 1.087779999999999940e-56
1.381099999999999994e+00 1.178419999999999965e-56
1.384100000000000108e+00 1.276280000000000027e-56
1.387100000000000000e+00 1.381910000000000289e-56
1.390100000000000113e+00 1.495880000000000028e-56
1.393100000000000005e+00 1.618839999999999950e-56
1.396099999999999897e+00 1.751450000000000207e-56
1.399100000000000010e+00 1.894450000000000117e-56
1.402100000000000124e+00 2.048600000000000149e-56
1.405100000000000016e+00 2.214730000000000042e-56
1.408100000000000129e+00 2.393729999999999818e-56
1.411100000000000021e+00 2.586550000000000233e-56
1.414099999999999913e+00 2.794200000000000060e-56
1.417099999999999804e+00 3.017780000000000531e-56
1.420100000000000140e+00 3.258450000000000442e-56
1.423100000000000032e+00 3.517450000000000023e-56
1.426099999999999923e+00 3.796110000000000149e-56
1.429100000000000037e+00 4.095850000000000081e-56
1.432099999999999929e+00 4.418199999999999975e-56
1.435099999999999820e+00 4.764770000000000055e-56
1.438100000000000156e+00 5.137300000000000783e-56
1.441100000000000048e+00 5.537640000000000340e-56
1.444099999999999939e+00 5.967779999999999528e-56
1.447100000000000053e+00 6.429809999999999464e-56
1.450099999999999945e+00 6.925989999999999727e-56
1.453099999999999836e+00 7.458730000000000820e-56
1.456100000000000172e+00 8.030600000000000681e-56
1.459100000000000064e+00 8.644319999999999079e-56
1.462099999999999955e+00 9.302800000000000826e-56
1.465100000000000069e+00 1.000910000000000080e-55
1.468099999999999961e+00 1.076669999999999991e-55
1.471099999999999852e+00 1.157900000000000172e-55
1.474100000000000188e+00 1.244980000000000021e-55
1.477100000000000080e+00 1.338310000000000084e-55
1.480099999999999971e+00 1.438310000000000065e-55
1.483100000000000085e+00 1.545449999999999920e-55
1.486099999999999977e+00 1.660210000000000086e-55
1.489099999999999868e+00 1.783090000000000162e-55
1.492099999999999982e+00 1.914650000000000296e-55
1.495100000000000096e+00 2.055480000000000282e-55
1.498099999999999987e+00 2.206190000000000156e-55
1.501100000000000101e+00 2.367440000000000024e-55
1.504099999999999993e+00 2.539940000000000060e-55
1.507099999999999884e+00 2.724419999999999957e-55
1.510099999999999998e+00 2.921699999999999968e-55
1.513100000000000112e+00 3.132590000000000041e-55
1.516100000000000003e+00 3.358010000000000565e-55
1.519100000000000117e+00 3.598899999999999998e-55
1.522100000000000009e+00 3.856279999999999953e-55
1.525099999999999900e+00 4.131209999999999996e-55
1.528099999999999792e+00 4.424829999999999947e-55
1.532100000000000017e+00 4.847509999999999875e-55
1.536100000000000021e+00 5.308650000000000514e-55
1.540100000000000025e+00 5.811590000000000348e-55
1.544100000000000028e+00 6.359910000000000791e-55
1.548100000000000032e+00 6.957510000000000658e-55
1.552100000000000035e+00 7.608590000000000619e-55
1.556100000000000039e+00 8.317710000000001402e-55
1.560100000000000042e+00 9.089760000000000711e-55
1.564099999999999824e+00 9.930060000000000602e-55
1.568100000000000049e+00 1.084429999999999987e-54
1.572100000000000053e+00 1.183870000000000036e-54
1.576100000000000056e+00 1.291999999999999940e-54
1.580100000000000060e+00 1.409530000000000091e-54
1.584100000000000064e+00 1.537239999999999960e-54
1.588100000000000067e+00 1.675960000000000104e-54
1.592099999999999849e+00 1.826600000000000317e-54
1.596100000000000074e+00 1.990130000000000187e-54
1.600099999999999856e+00 2.167599999999999990e-54
1.604100000000000081e+00 2.360130000000000100e-54
1.608099999999999863e+00 2.568939999999999864e-54
1.612100000000000088e+00 2.795330000000000192e-54
1.616100000000000092e+00 3.040700000000000100e-54
1.620099999999999874e+00 3.306580000000000231e-54
1.624100000000000099e+00 3.594579999999999887e-54
1.628099999999999881e+00 3.906450000000000303e-54
1.632100000000000106e+00 4.244059999999999979e-54
1.636099999999999888e+00 4.609439999999999950e-54
1.640100000000000113e+00 5.004739999999999680e-54
1.644099999999999895e+00 5.432300000000000628e-54
1.648099999999999898e+00 5.894599999999999811e-54
1.652100000000000124e+00 6.394340000000000341e-54
1.656099999999999905e+00 6.934369999999999738e-54
1.660100000000000131e+00 7.517779999999999329e-54
1.664099999999999913e+00 8.147879999999999584e-54
1.668100000000000138e+00 8.828210000000000705e-54
1.672099999999999920e+00 9.562570000000000934e-54
1.676099999999999923e+00 1.035500000000000116e-53
1.680099999999999927e+00 1.120990000000000159e-53
1.684099999999999930e+00 1.213190000000000104e-53
1.688100000000000156e+00 1.312600000000000054e-53
1.692099999999999937e+00 1.419760000000000052e-53
1.696100000000000163e+00 1.535229999999999936e-53
1.700099999999999945e+00 1.659629999999999858e-53
1.704099999999999948e+00 1.793620000000000258e-53
1.708099999999999952e+00 1.937890000000000108e-53
1.712099999999999955e+00 2.093190000000000085e-53
1.716099999999999959e+00 2.260320000000000125e-53
1.720099999999999962e+00 2.440129999999999882e-53
1.724099999999999966e+00 2.633540000000000151e-53
1.728099999999999969e+00 2.841520000000000520e-53
1.732100000000000195e+00 3.065110000000000091e-53
1.736099999999999977e+00 3.305410000000000138e-53
1.740099999999999980e+00 3.563619999999999982e-53
1.744099999999999984e+00 3.841000000000000187e-53
1.748099999999999987e+00 4.138880000000000370e-53
1.753100000000000103e+00 4.542280000000000626e-53
1.758099999999999996e+00 4.983010000000000571e-53
1.763100000000000112e+00 5.464309999999999535e-53
1.768100000000000005e+00 5.989740000000000067e-53
1.773099999999999898e+00 6.563119999999999739e-53
1.778100000000000014e+00 7.188580000000000140e-53
1.783099999999999907e+00 7.870590000000000777e-53
1.788100000000000023e+00 8.614010000000000642e-53
1.793099999999999916e+00 9.424039999999999427e-53
1.798100000000000032e+00 1.030630000000000041e-52
1.803099999999999925e+00 1.126699999999999968e-52
1.808100000000000041e+00 1.231260000000000120e-52
1.813099999999999934e+00 1.345020000000000054e-52
1.818100000000000049e+00 1.468760000000000048e-52
1.823099999999999943e+00 1.603290000000000027e-52
1.828100000000000058e+00 1.749500000000000211e-52
1.833099999999999952e+00 1.908360000000000187e-52
1.838100000000000067e+00 2.080910000000000080e-52
1.843100000000000183e+00 2.268240000000000474e-52
1.848100000000000076e+00 2.471560000000000175e-52
1.853100000000000191e+00 2.692170000000000447e-52
1.858099999999999863e+00 2.931439999999999944e-52
1.863099999999999978e+00 3.190869999999999926e-52
1.868099999999999872e+00 3.472060000000000356e-52
1.873099999999999987e+00 3.776750000000000043e-52
1.878099999999999881e+00 4.106770000000000260e-52
1.883099999999999996e+00 4.464130000000000533e-52
1.888099999999999890e+00 4.850960000000000459e-52
1.893100000000000005e+00 5.269550000000000225e-52
1.898099999999999898e+00 5.722370000000000495e-52
1.903100000000000014e+00 6.212060000000000614e-52
1.908100000000000129e+00 6.741449999999999976e-52
1.913100000000000023e+00 7.313589999999999715e-52
1.918100000000000138e+00 7.931730000000000587e-52
1.923100000000000032e+00 8.599370000000000099e-52
1.928100000000000147e+00 9.320229999999999721e-52
1.933100000000000041e+00 1.009830000000000053e-51
1.938099999999999934e+00 1.093790000000000063e-51
1.943099999999999827e+00 1.184370000000000028e-51
1.948099999999999943e+00 1.282050000000000084e-51
1.953099999999999836e+00 1.387349999999999996e-51
1.958099999999999952e+00 1.500850000000000084e-51
1.963100000000000067e+00 1.623139999999999945e-51
1.968099999999999961e+00 1.754860000000000158e-51
1.973100000000000298e+00 1.896710000000000222e-51
1.978099999999999969e+00 2.049409999999999974e-51
1.983099999999999863e+00 2.213749999999999969e-51
1.988099999999999978e+00 2.390559999999999946e-51
1.993099999999999872e+00 2.580730000000000051e-51
1.999100000000000099e+00 2.827940000000000137e-51
2.005100000000000104e+00 3.097529999999999952e-51
2.011099999999999888e+00 3.391429999999999766e-51
2.017100000000000115e+00 3.711699999999999788e-51
2.023099999999999898e+00 4.060560000000000522e-51
2.029099999999999682e+00 4.440419999999999853e-51
2.035100000000000353e+00 4.853870000000000149e-51
2.041100000000000136e+00 5.303710000000000008e-51
2.047099999999999920e+00 5.792960000000000805e-51
2.053100000000000147e+00 6.324860000000000163e-51
2.059099999999999930e+00 6.902919999999999761e-51
2.065099999999999714e+00 7.530909999999999973e-51
2.071100000000000385e+00 8.212890000000001110e-51
2.077100000000000168e+00 8.953219999999999287e-51
2.083099999999999952e+00 9.756599999999999547e-51
2.089100000000000179e+00 1.062800000000000090e-50
2.095099999999999962e+00 1.157310000000000069e-50
2.101099999999999746e+00 1.259750000000000086e-50
2.107100000000000417e+00 1.370750000000000108e-50
2.113100000000000200e+00 1.490999999999999854e-50
2.119099999999999984e+00 1.621210000000000032e-50
2.125100000000000211e+00 1.762150000000000033e-50
2.131099999999999994e+00 1.914669999999999870e-50
2.137099999999999778e+00 2.079650000000000206e-50
2.143100000000000005e+00 2.258049999999999949e-50
2.149100000000000232e+00 2.450910000000000053e-50
2.155100000000000016e+00 2.659309999999999885e-50
2.161099999999999799e+00 2.884440000000000080e-50
2.167100000000000026e+00 3.127560000000000334e-50
2.173099999999999810e+00 3.390030000000000288e-50
2.179099999999999593e+00 3.673280000000000069e-50
2.185100000000000264e+00 3.978870000000000157e-50
2.191100000000000048e+00 4.308450000000000845e-50
2.198100000000000165e+00 4.725650000000000291e-50
2.205100000000000282e+00 5.180950000000000414e-50
2.212099999999999955e+00 5.677590000000000972e-50
2.219100000000000072e+00 6.219120000000000276e-50
2.226099999999999746e+00 6.809340000000000060e-50
2.233099999999999863e+00 7.452349999999999522e-50
2.240099999999999980e+00 8.152599999999999807e-50
2.247100000000000097e+00 8.914850000000001559e-50
2.254100000000000215e+00 9.744270000000000592e-50
2.261099999999999888e+00 1.064639999999999969e-49
2.268100000000000005e+00 1.162720000000000075e-49
2.275100000000000122e+00 1.269309999999999975e-49
2.282099999999999795e+00 1.385120000000000091e-49
2.289099999999999913e+00 1.510870000000000222e-49
2.296100000000000030e+00 1.647380000000000017e-49
2.303100000000000147e+00 1.795500000000000107e-49
2.310099999999999820e+00 1.956170000000000077e-49
2.317099999999999937e+00 2.130380000000000196e-49
2.324100000000000055e+00 2.319200000000000120e-49
2.331100000000000172e+00 2.523769999999999895e-49
2.338100000000000289e+00 2.745340000000000504e-49
2.345099999999999962e+00 2.985219999999999954e-49
2.352100000000000080e+00 3.244819999999999900e-49
2.359099999999999753e+00 3.525680000000000171e-49
2.366099999999999870e+00 3.829419999999999792e-49
2.373099999999999987e+00 4.157790000000000140e-49
2.380100000000000104e+00 4.512660000000000056e-49
2.387100000000000222e+00 4.896029999999999594e-49
2.394100000000000339e+00 5.310049999999999912e-49
2.401100000000000012e+00 5.757000000000000344e-49
2.409100000000000019e+00 6.311300000000000642e-49
2.417100000000000026e+00 6.915770000000000237e-49
2.425100000000000033e+00 7.574660000000000572e-49
2.433100000000000041e+00 8.292550000000000204e-49
2.441100000000000048e+00 9.074390000000000670e-49
2.449100000000000055e+00 9.925510000000000739e-49
2.457099999999999618e+00 1.085160000000000031e-48
2.465100000000000069e+00 1.185890000000000132e-48
2.473100000000000076e+00 1.295409999999999988e-48
2.481100000000000083e+00 1.414430000000000023e-48
2.489100000000000090e+00 1.543730000000000059e-48
2.497100000000000097e+00 1.684119999999999988e-48
2.505100000000000104e+00 1.836510000000000238e-48
2.513099999999999667e+00 2.001839999999999937e-48
2.521100000000000119e+00 2.181160000000000139e-48
2.529099999999999682e+00 2.375560000000000167e-48
2.537100000000000133e+00 2.586220000000000006e-48
2.545099999999999696e+00 2.814430000000000048e-48
2.553100000000000147e+00 3.061530000000000040e-48
2.561100000000000154e+00 3.329010000000000531e-48
2.569100000000000161e+00 3.618419999999999777e-48
2.577100000000000168e+00 3.931440000000000436e-48
2.585099999999999731e+00 4.269870000000000581e-48
2.594099999999999628e+00 4.683389999999999899e-48
2.603099999999999969e+00 5.134460000000000258e-48
2.612099999999999866e+00 5.626270000000000049e-48
2.621099999999999763e+00 6.162240000000000777e-48
2.630099999999999660e+00 6.746069999999999730e-48
2.639100000000000001e+00 7.381760000000000052e-48
2.648099999999999898e+00 8.073590000000000067e-48
2.657099999999999795e+00 8.826179999999999790e-48
2.666099999999999692e+00 9.644530000000000419e-48
2.675100000000000033e+00 1.053390000000000102e-47
2.684099999999999930e+00 1.150020000000000138e-47
2.693099999999999827e+00 1.254950000000000047e-47
2.702099999999999724e+00 1.368860000000000181e-47
2.711100000000000065e+00 1.492440000000000276e-47
2.720099999999999962e+00 1.626479999999999998e-47
2.729099999999999859e+00 1.771789999999999968e-47
2.738099999999999756e+00 1.929260000000000019e-47
2.747100000000000097e+00 2.099830000000000192e-47
2.756099999999999994e+00 2.284519999999999983e-47
2.765099999999999891e+00 2.484420000000000295e-47
2.774099999999999788e+00 2.700700000000000269e-47
2.783100000000000129e+00 2.934589999999999733e-47
2.793100000000000360e+00 3.216770000000000024e-47
2.803100000000000147e+00 3.524330000000000188e-47
2.813099999999999934e+00 3.859390000000000129e-47
2.823099999999999721e+00 4.224239999999999871e-47
2.833099999999999952e+00 4.621340000000000042e-47
2.843099999999999739e+00 5.053339999999999428e-47
2.853099999999999969e+00 5.523089999999999587e-47
2.863099999999999756e+00 6.033649999999999735e-47
2.873099999999999987e+00 6.588330000000000605e-47
2.883099999999999774e+00 7.190670000000001063e-47
2.893100000000000005e+00 7.844470000000000266e-47
2.903100000000000236e+00 8.553810000000000088e-47
2.913100000000000023e+00 9.323079999999999497e-47
2.923100000000000254e+00 1.015690000000000143e-46
2.933100000000000041e+00 1.106050000000000035e-46
2.943100000000000271e+00 1.203920000000000110e-46
2.953100000000000058e+00 1.309870000000000098e-46
2.964099999999999735e+00 1.436500000000000098e-46
2.975099999999999856e+00 1.574549999999999992e-46
2.986100000000000421e+00 1.724990000000000188e-46
2.997100000000000097e+00 1.888830000000000092e-46
3.008100000000000218e+00 2.067200000000000188e-46
3.019099999999999895e+00 2.261269999999999959e-46
3.030100000000000016e+00 2.472339999999999911e-46
3.041100000000000136e+00 2.701790000000000102e-46
3.052099999999999813e+00 2.951090000000000086e-46
3.063099999999999934e+00 3.221840000000000246e-46
3.074100000000000055e+00 3.515749999999999962e-46
3.085099999999999731e+00 3.834660000000000218e-46
3.096099999999999852e+00 4.180529999999999772e-46
3.107099999999999973e+00 4.555479999999999987e-46
3.118100000000000094e+00 4.961769999999999888e-46
3.129100000000000215e+00 5.401830000000000660e-46
3.141099999999999781e+00 5.923460000000000132e-46
3.153099999999999792e+00 6.492000000000000082e-46
3.165100000000000247e+00 7.111339999999999747e-46
3.177099999999999813e+00 7.785689999999999690e-46
3.189099999999999824e+00 8.519559999999999569e-46
3.201100000000000279e+00 9.317820000000000144e-46
3.213099999999999845e+00 1.018560000000000072e-45
3.225099999999999856e+00 1.112870000000000151e-45
3.237100000000000311e+00 1.215310000000000018e-45
3.249099999999999877e+00 1.326510000000000037e-45
3.261099999999999888e+00 1.447179999999999971e-45
3.273100000000000342e+00 1.578060000000000190e-45
3.285099999999999909e+00 1.719950000000000109e-45
3.297099999999999920e+00 1.873710000000000206e-45
3.310099999999999820e+00 2.054720000000000312e-45
3.323099999999999721e+00 2.251989999999999993e-45
3.336099999999999621e+00 2.466859999999999844e-45
3.349099999999999966e+00 2.700769999999999896e-45
3.362099999999999866e+00 2.955289999999999769e-45
3.375099999999999767e+00 3.232080000000000442e-45
3.388099999999999667e+00 3.532950000000000190e-45
3.401100000000000012e+00 3.859830000000000351e-45
3.414100000000000357e+00 4.214790000000000234e-45
3.427100000000000257e+00 4.600049999999999865e-45
3.440100000000000158e+00 5.017999999999999874e-45
3.453100000000000058e+00 5.471200000000000252e-45
3.467099999999999849e+00 6.001820000000000613e-45
3.481100000000000083e+00 6.580180000000000852e-45
3.495100000000000318e+00 7.210220000000000707e-45
3.509099999999999664e+00 7.896189999999999736e-45
3.523099999999999898e+00 8.642679999999999954e-45
3.537100000000000133e+00 9.454579999999999826e-45
3.551100000000000367e+00 1.033710000000000101e-44
3.565099999999999714e+00 1.129609999999999997e-44
3.579099999999999948e+00 1.233749999999999967e-44
3.593100000000000183e+00 1.346780000000000172e-44
3.607099999999999973e+00 1.469420000000000068e-44
3.621099999999999763e+00 1.602390000000000107e-44
3.636100000000000332e+00 1.757250000000000086e-44
3.651100000000000012e+00 1.925970000000000062e-44
3.666099999999999692e+00 2.109680000000000122e-44
3.681100000000000261e+00 2.309600000000000037e-44
3.696099999999999941e+00 2.527060000000000021e-44
3.711100000000000065e+00 2.763460000000000207e-44
3.726100000000000190e+00 3.020310000000000175e-44
3.741099999999999870e+00 3.299249999999999959e-44
3.756099999999999994e+00 3.602010000000000023e-44
3.771099999999999675e+00 3.930460000000000175e-44
3.787099999999999689e+00 4.311389999999999948e-44
3.803099999999999703e+00 4.726429999999999871e-44
3.819100000000000161e+00 5.178380000000000210e-44
3.835100000000000176e+00 5.670260000000000125e-44
3.851100000000000190e+00 6.205290000000000394e-44
3.867100000000000204e+00 6.786940000000000336e-44
3.883100000000000218e+00 7.418940000000000177e-44
3.899099999999999788e+00 8.105280000000000062e-44
3.915100000000000247e+00 8.850240000000000189e-44
3.932100000000000151e+00 9.711110000000000090e-44
3.949099999999999611e+00 1.064920000000000147e-43
3.966099999999999959e+00 1.167090000000000199e-43
3.983099999999999863e+00 1.278299999999999957e-43
4.000100000000000655e+00 1.399280000000000054e-43
4.017100000000000115e+00 1.530820000000000016e-43
4.034099999999999575e+00 1.673760000000000072e-43
4.051099999999999923e+00 1.829000000000000141e-43
4.068100000000000271e+00 1.997510000000000208e-43
4.086100000000000065e+00 2.191550000000000362e-43
4.104099999999999859e+00 2.402950000000000073e-43
4.122099999999999653e+00 2.633120000000000103e-43
4.140099999999999447e+00 2.883590000000000194e-43
4.158099999999999241e+00 3.156000000000000081e-43
4.176099999999999923e+00 3.452080000000000330e-43
4.194099999999999717e+00 3.773730000000000191e-43
4.212099999999999511e+00 4.122960000000000108e-43
4.231099999999999639e+00 4.523890000000000599e-43
4.250099999999999767e+00 4.960660000000000510e-43
4.269099999999999895e+00 5.436200000000000961e-43
4.288100000000000023e+00 5.953649999999999693e-43
4.307100000000000151e+00 6.516360000000000627e-43
4.326100000000000279e+00 7.127930000000001049e-43
4.345100000000000406e+00 7.792249999999999493e-43
4.364100000000000534e+00 8.513430000000000061e-43
4.384100000000000108e+00 9.338890000000000140e-43
4.404100000000000570e+00 1.023780000000000154e-42
4.424100000000000144e+00 1.121610000000000157e-42
4.444100000000000605e+00 1.228030000000000067e-42
4.464100000000000179e+00 1.343700000000000009e-42
4.484100000000000641e+00 1.469380000000000162e-42
4.504099999999999326e+00 1.605830000000000068e-42
4.525100000000000122e+00 1.761629999999999931e-42
4.546100000000000030e+00 1.931280000000000187e-42
4.567099999999999937e+00 2.115910000000000049e-42
4.588100000000000733e+00 2.316710000000000129e-42
4.609099999999999753e+00 2.534960000000000276e-42
4.630099999999999660e+00 2.772050000000000253e-42
4.652099999999999902e+00 3.042240000000000050e-42
4.674099999999999255e+00 3.336529999999999686e-42
4.696099999999999497e+00 3.656870000000000114e-42
4.718100000000000627e+00 4.005350000000000351e-42
4.740099999999999980e+00 4.384220000000000392e-42
4.762100000000000222e+00 4.795860000000000190e-42
4.785099999999999909e+00 5.264050000000000498e-42
4.808100000000000485e+00 5.774019999999999607e-42
4.831099999999999284e+00 6.329130000000000188e-42
4.854099999999999859e+00 6.933010000000000701e-42
4.877099999999999547e+00 7.589520000000001053e-42
4.900100000000000122e+00 8.302810000000001448e-42
4.924100000000000144e+00 9.112460000000001116e-42
4.948100000000000165e+00 9.994160000000001685e-42
4.972100000000000186e+00 1.095370000000000046e-41
4.996100000000000207e+00 1.199729999999999982e-41
5.020100000000000229e+00 1.313160000000000110e-41
5.044100000000000250e+00 1.436370000000000215e-41
5.069099999999999717e+00 1.575940000000000114e-41
5.094100000000000072e+00 1.727870000000000240e-41
5.119099999999999540e+00 1.893149999999999954e-41
5.144100000000000783e+00 2.072819999999999933e-41
5.169100000000000250e+00 2.268040000000000344e-41
5.195100000000000051e+00 2.488829999999999891e-41
5.221099999999999852e+00 2.729199999999999818e-41
5.247100000000000541e+00 2.990679999999999741e-41
5.273100000000000342e+00 3.274960000000000122e-41
5.299100000000000144e+00 3.583829999999999981e-41
5.326100000000000279e+00 3.932640000000000344e-41
5.353100000000000414e+00 4.312310000000000044e-41
5.380099999999999660e+00 4.725299999999999839e-41
5.407099999999999795e+00 5.174220000000000360e-41
5.435100000000000264e+00 5.680730000000000284e-41
5.463099999999999845e+00 6.232269999999999980e-41
5.491099999999999426e+00 6.832419999999999525e-41
5.519099999999999895e+00 7.485020000000000948e-41
5.547100000000000364e+00 8.194179999999999525e-41
5.576099999999999390e+00 8.992989999999999898e-41
5.605100000000000193e+00 9.862409999999999390e-41
5.634100000000000108e+00 1.080800000000000088e-40
5.663100000000000023e+00 1.183580000000000010e-40
5.693100000000000271e+00 1.299230000000000183e-40
5.723099999999999632e+00 1.425120000000000062e-40
5.753099999999999881e+00 1.562049999999999916e-40
5.783100000000000129e+00 1.710900000000000083e-40
5.814099999999999824e+00 1.878200000000000030e-40
5.845099999999999518e+00 2.060309999999999936e-40
5.876100000000000101e+00 2.258380000000000111e-40
5.907099999999999795e+00 2.473670000000000299e-40
5.939099999999999824e+00 2.715390000000000198e-40
5.971099999999999852e+00 2.978440000000000074e-40
6.003099999999999881e+00 3.264519999999999840e-40
6.035099999999999909e+00 3.575409999999999881e-40
6.068100000000000271e+00 3.924050000000000049e-40
6.101099999999999746e+00 4.303359999999999852e-40
6.134100000000000108e+00 4.715750000000000565e-40
6.168099999999999916e+00 5.177950000000000513e-40
6.202100000000000612e+00 5.681000000000000258e-40
6.236099999999999532e+00 6.228100000000000882e-40
6.270100000000000229e+00 6.822669999999999878e-40
6.305100000000000371e+00 7.488189999999999811e-40
6.340100000000000513e+00 8.212170000000000649e-40
6.375099999999999767e+00 8.999160000000000079e-40
6.411100000000000243e+00 9.879500000000000668e-40
6.447099999999999831e+00 1.083730000000000175e-39
6.483100000000000307e+00 1.187860000000000007e-39
6.520100000000000229e+00 1.304270000000000091e-39
6.557100000000000151e+00 1.430920000000000042e-39
6.594100000000000072e+00 1.568630000000000170e-39
6.632100000000000328e+00 1.722450000000000154e-39
6.670099999999999696e+00 1.889820000000000273e-39
6.708099999999999952e+00 2.071779999999999857e-39
6.747099999999999653e+00 2.274890000000000062e-39
6.786099999999999355e+00 2.495859999999999761e-39
6.825099999999999945e+00 2.736060000000000085e-39
6.865099999999999980e+00 3.003960000000000330e-39
6.905100000000000016e+00 3.295359999999999668e-39
6.946100000000000385e+00 3.620339999999999955e-39
6.987100000000000755e+00 3.973999999999999789e-39
7.028100000000000236e+00 4.358570000000000521e-39
7.070100000000000051e+00 4.787069999999999623e-39
7.112099999999999866e+00 5.253229999999999786e-39
7.154099999999999682e+00 5.759970000000000100e-39
7.197099999999999831e+00 6.324060000000000591e-39
7.240099999999999980e+00 6.937480000000000889e-39
7.284099999999999575e+00 7.620190000000000248e-39
7.328100000000000058e+00 8.362870000000000028e-39
7.372100000000000541e+00 9.170120000000000824e-39
7.417100000000000470e+00 1.006759999999999956e-38
7.462100000000000399e+00 1.104340000000000064e-38
7.508099999999999774e+00 1.212810000000000087e-38
7.554100000000000037e+00 1.330770000000000185e-38
7.601100000000000634e+00 1.461840000000000151e-38
7.648099999999999454e+00 1.604410000000000037e-38
7.696100000000000385e+00 1.762780000000000286e-38
7.744100000000000428e+00 1.935060000000000200e-38
7.793099999999999916e+00 2.126360000000000109e-38
7.842099999999999405e+00 2.334470000000000024e-38
7.892100000000001003e+00 2.565490000000000256e-38
7.942100000000000826e+00 2.816790000000000080e-38
7.993099999999999206e+00 3.095629999999999787e-38
8.044100000000000250e+00 3.398960000000000004e-38
8.096099999999999852e+00 3.735380000000000572e-38
8.148099999999999454e+00 4.101300000000000277e-38
8.201099999999998502e+00 4.506950000000000398e-38
8.254100000000001103e+00 4.948110000000000183e-38
8.308100000000001373e+00 5.436930000000000319e-38
8.362100000000001643e+00 5.968460000000000642e-38
8.417099999999999582e+00 6.557079999999999925e-38
8.472099999999999298e+00 7.196999999999999665e-38
8.528100000000000236e+00 7.905269999999999729e-38
8.585100000000000620e+00 8.689420000000001068e-38
8.642099999999999227e+00 9.542199999999999045e-38
8.700100000000000833e+00 1.048570000000000130e-37
8.758099999999998886e+00 1.151150000000000027e-37
8.817099999999999937e+00 1.264580000000000122e-37
8.877100000000000435e+00 1.390030000000000229e-37
8.937099999999999156e+00 1.526429999999999993e-37
8.998100000000000875e+00 1.677190000000000226e-37
9.060100000000000264e+00 1.843840000000000083e-37
9.122099999999999653e+00 2.025050000000000161e-37
9.185100000000000264e+00 2.225210000000000270e-37
9.249100000000000321e+00 2.446349999999999994e-37
9.313100000000000378e+00 2.686770000000000178e-37
9.378099999999999881e+00 2.952170000000000476e-37
9.444100000000000605e+00 3.245180000000000153e-37
9.510100000000001330e+00 3.563680000000000152e-37
9.577099999999999724e+00 3.915009999999999779e-37
9.645099999999999341e+00 4.302600000000000651e-37
9.714100000000000179e+00 4.730219999999999794e-37
9.784100000000000463e+00 5.202010000000000457e-37
9.854099999999998971e+00 5.714929999999999704e-37
9.925099999999998701e+00 6.280299999999999454e-37
9.997099999999999653e+00 6.903520000000000567e-37
1.007010000000000005e+01 7.590489999999999947e-37
1.014010000000000034e+01 8.305150000000001115e-37
1.021010000000000062e+01 9.078480000000000964e-37
1.028010000000000090e+01 9.914559999999999478e-37
1.035009999999999941e+01 1.081770000000000053e-36
1.042009999999999970e+01 1.179250000000000013e-36
1.049009999999999998e+01 1.284380000000000065e-36
1.056009999999999849e+01 1.397659999999999928e-36
1.063010000000000055e+01 1.519619999999999951e-36
1.071010000000000062e+01 1.670379999999999891e-36
1.079010000000000069e+01 1.834110000000000048e-36
1.087010000000000076e+01 2.011749999999999933e-36
1.095010000000000083e+01 2.204309999999999803e-36
1.103009999999999913e+01 2.412830000000000048e-36
1.111009999999999920e+01 2.638429999999999955e-36
1.119009999999999927e+01 2.882290000000000075e-36
1.127009999999999934e+01 3.145650000000000214e-36
1.135009999999999941e+01 3.429810000000000109e-36
1.143009999999999948e+01 3.736160000000000216e-36
1.152009999999999934e+01 4.109130000000000065e-36
1.161009999999999920e+01 4.514190000000000286e-36
1.170009999999999906e+01 4.953660000000000025e-36
1.179009999999999891e+01 5.429980000000000282e-36
1.188009999999999877e+01 5.945720000000000397e-36
1.197009999999999863e+01 6.503609999999999511e-36
1.206010000000000026e+01 7.106500000000000624e-36
1.215010000000000012e+01 7.757429999999999322e-36
1.224009999999999998e+01 8.459570000000000218e-36
1.234009999999999962e+01 9.303870000000000963e-36
1.244010000000000105e+01 1.022039999999999971e-35
1.254010000000000069e+01 1.121419999999999961e-35
1.264010000000000034e+01 1.229070000000000081e-35
1.274009999999999998e+01 1.345560000000000131e-35
1.284009999999999962e+01 1.471500000000000126e-35
1.294009999999999927e+01 1.607500000000000083e-35
1.305010000000000048e+01 1.769530000000000064e-35
1.316009999999999991e+01 1.945479999999999994e-35
1.327009999999999934e+01 2.136330000000000201e-35
1.338010000000000055e+01 2.343109999999999851e-35
1.349009999999999998e+01 2.566930000000000148e-35
1.360010000000000119e+01 2.808930000000000421e-35
1.371009999999999884e+01 3.070309999999999995e-35
1.383009999999999984e+01 3.379049999999999996e-35
1.395010000000000083e+01 3.714110000000000432e-35
1.407010000000000005e+01 4.077320000000000283e-35
1.419010000000000105e+01 4.470589999999999768e-35
1.431009999999999849e+01 4.895940000000000071e-35
1.443009999999999948e+01 5.355520000000000849e-35
1.456010000000000026e+01 5.894590000000000106e-35
1.469009999999999927e+01 6.479409999999999537e-35
1.482010000000000005e+01 7.113130000000001172e-35
1.495009999999999906e+01 7.799049999999999809e-35
1.508010000000000161e+01 8.540620000000000115e-35
1.522010000000000041e+01 9.405660000000000622e-35
1.536009999999999920e+01 1.034419999999999934e-34
1.550009999999999977e+01 1.136140000000000100e-34
1.564010000000000034e+01 1.246229999999999859e-34
1.578009999999999913e+01 1.365259999999999945e-34
1.593009999999999948e+01 1.503370000000000115e-34
1.608010000000000161e+01 1.653139999999999931e-34
1.623010000000000019e+01 1.815370000000000013e-34
1.638010000000000232e+01 1.990880000000000084e-34
1.654009999999999891e+01 2.193690000000000224e-34
1.670009999999999906e+01 2.413690000000000298e-34
1.686009999999999920e+01 2.652029999999999938e-34
1.702009999999999934e+01 2.909910000000000283e-34
1.719010000000000105e+01 3.206739999999999830e-34
1.736009999999999920e+01 3.528640000000000155e-34
1.753010000000000090e+01 3.877280000000000331e-34
1.770009999999999906e+01 4.254389999999999955e-34
1.788009999999999877e+01 4.686759999999999958e-34
1.806009999999999849e+01 5.155360000000000056e-34
1.824009999999999820e+01 5.662550000000000466e-34
1.843010000000000304e+01 6.242510000000000153e-34
1.862010000000000076e+01 6.871279999999999758e-34
1.881009999999999849e+01 7.552010000000000241e-34
1.901009999999999778e+01 8.328379999999999832e-34
1.921010000000000062e+01 9.170060000000000264e-34
1.941009999999999991e+01 1.008129999999999891e-33
1.962010000000000076e+01 1.111769999999999872e-33
1.983009999999999806e+01 1.224100000000000163e-33
2.004010000000000247e+01 1.345680000000000042e-33
2.026010000000000133e+01 1.483580000000000033e-33
2.048010000000000019e+01 1.632970000000000316e-33
2.070009999999999906e+01 1.794550000000000115e-33
2.093009999999999948e+01 1.977339999999999948e-33
2.116009999999999991e+01 2.175180000000000062e-33
2.140009999999999835e+01 2.398690000000000328e-33
2.164010000000000034e+01 2.640709999999999901e-33
2.189010000000000034e+01 2.913739999999999953e-33
2.214010000000000034e+01 3.209449999999999746e-33
2.240009999999999835e+01 3.542570000000000170e-33
2.266009999999999991e+01 3.903389999999999903e-33
2.293009999999999948e+01 4.309230000000000149e-33
2.320010000000000261e+01 4.748760000000000313e-33
2.348010000000000019e+01 5.242350000000000059e-33
2.376009999999999778e+01 5.776779999999999754e-33
2.405010000000000048e+01 6.375970000000000630e-33
2.434009999999999962e+01 7.024450000000000682e-33
2.464010000000000034e+01 7.750309999999999866e-33
2.494010000000000105e+01 8.535450000000000470e-33
2.525009999999999977e+01 9.412760000000000169e-33
2.557010000000000005e+01 1.039290000000000073e-32
2.589010000000000034e+01 1.145329999999999973e-32
2.622009999999999863e+01 1.263580000000000062e-32
2.656009999999999849e+01 1.395419999999999897e-32
2.691009999999999991e+01 1.542370000000000045e-32
2.726009999999999778e+01 1.701389999999999921e-32
2.762010000000000076e+01 1.878269999999999847e-32
2.799010000000000176e+01 2.074960000000000055e-32
2.837009999999999721e+01 2.293589999999999983e-32
2.875009999999999977e+01 2.530039999999999987e-32
2.914010000000000034e+01 2.792269999999999801e-32
2.954009999999999891e+01 3.082990000000000282e-32
2.995009999999999906e+01 3.405119999999999901e-32
3.037010000000000076e+01 3.761870000000000164e-32
3.080010000000000048e+01 4.156740000000000139e-32
3.124009999999999820e+01 4.593540000000000143e-32
3.169009999999999749e+01 5.076399999999999744e-32
3.215010000000000190e+01 5.609830000000000056e-32
3.262010000000000076e+01 6.198719999999999906e-32
3.311010000000000275e+01 6.862419999999999724e-32
3.361009999999999565e+01 7.594830000000000677e-32
3.412010000000000076e+01 8.402390000000000704e-32
3.464009999999999678e+01 9.292020000000000729e-32
3.518009999999999593e+01 1.029039999999999987e-31
3.573010000000000019e+01 1.138939999999999993e-31
3.629009999999999536e+01 1.259790000000000036e-31
3.687010000000000076e+01 1.394980000000000060e-31
3.747010000000000218e+01 1.546100000000000081e-31
3.808010000000000161e+01 1.712090000000000016e-31
3.871009999999999707e+01 1.897250000000000081e-31
3.936010000000000275e+01 2.103640000000000127e-31
4.002009999999999934e+01 2.329930000000000276e-31
4.070010000000000616e+01 2.581589999999999846e-31
4.140010000000000190e+01 2.861200000000000062e-31
4.212010000000000076e+01 3.171590000000000228e-31
4.286009999999999565e+01 3.515820000000000179e-31
4.363009999999999877e+01 3.902420000000000379e-31
4.442009999999999792e+01 4.330570000000000048e-31
4.523010000000000019e+01 4.804210000000000336e-31
4.607010000000000360e+01 5.334120000000000196e-31
4.693010000000000304e+01 5.919320000000000040e-31
4.782009999999999650e+01 6.572400000000000370e-31
4.874009999999999820e+01 7.300440000000000698e-31
4.969010000000000105e+01 8.111109999999999474e-31
5.067010000000000502e+01 9.012739999999999749e-31
5.168010000000000304e+01 1.001430000000000067e-30
5.273010000000000019e+01 1.113660000000000153e-30
5.381009999999999849e+01 1.238050000000000084e-30
5.493010000000000304e+01 1.377030000000000046e-30
5.609009999999999962e+01 1.532110000000000040e-30
5.729009999999999536e+01 1.704899999999999999e-30
5.853010000000000446e+01 1.897170000000000065e-30
5.982010000000000360e+01 2.112520000000000093e-30
6.116009999999999991e+01 2.353360000000000178e-30
6.255010000000000048e+01 2.622310000000000241e-30
6.399009999999999110e+01 2.922170000000000150e-30
6.549009999999999820e+01 3.258280000000000027e-30
6.705010000000000048e+01 3.634390000000000328e-30
6.867009999999999081e+01 4.054549999999999555e-30
7.035009999999999764e+01 4.523089999999999945e-30
7.210009999999999764e+01 5.047779999999999882e-30
7.393009999999999593e+01 5.637600000000000403e-30
7.583010000000000161e+01 6.295769999999999972e-30
7.781009999999999138e+01 7.032680000000000045e-30
7.988009999999999877e+01 7.860260000000001251e-30
8.204010000000000957e+01 8.787779999999999913e-30
8.430010000000000048e+01 9.829940000000000509e-30
8.666009999999999991e+01 1.099840000000000059e-29
8.913009999999999877e+01 1.231120000000000050e-29
9.171009999999999707e+01 1.378280000000000011e-29
9.441009999999999991e+01 1.543510000000000185e-29
9.724009999999999820e+01 1.729290000000000166e-29
1.002000000000000028e+02 1.937689999999999859e-29
1.032999999999999972e+02 2.171700000000000088e-29
1.065000000000000000e+02 2.430500000000000076e-29
1.098999999999999915e+02 2.725019999999999723e-29
1.134000000000000057e+02 3.049659999999999992e-29
1.170999999999999943e+02 3.416919999999999694e-29
1.210000000000000000e+02 3.831330000000000230e-29
1.250999999999999943e+02 4.297720000000000350e-29
1.293999999999999773e+02 4.821300000000000298e-29
1.338999999999999773e+02 5.407660000000000693e-29
1.385999999999999943e+02 6.062760000000000190e-29
1.435999999999999943e+02 6.808380000000000046e-29
1.487999999999999829e+02 7.637979999999999823e-29
1.542999999999999829e+02 8.576530000000000211e-29
1.600999999999999943e+02 9.635390000000000856e-29
1.661999999999999886e+02 1.082670000000000011e-28
1.725999999999999943e+02 1.216340000000000083e-28
1.794000000000000057e+02 1.368220000000000036e-28
1.865999999999999943e+02 1.540189999999999980e-28
1.942000000000000171e+02 1.734219999999999898e-28
2.023000000000000114e+02 1.955099999999999942e-28
2.110000000000000000e+02 2.208360000000000138e-28
2.204000000000000057e+02 2.500160000000000325e-28
2.308000000000000114e+02 2.843959999999999956e-28
2.425000000000000000e+02 3.254909999999999974e-28
2.564000000000000341e+02 3.771590000000000317e-28
2.763000000000000114e+02 4.548990000000000028e-28
3.070000000000000000e+02 5.762600000000000497e-28
3.236000000000000227e+02 6.379350000000000415e-28
3.378999999999999773e+02 6.862980000000000179e-28
3.511000000000000227e+02 7.256700000000000316e-28
3.638000000000000114e+02 7.578679999999999866e-28
3.763000000000000114e+02 7.835410000000000454e-28
3.887999999999999545e+02 8.029460000000001018e-28
4.015000000000000000e+02 8.162120000000001356e-28
4.146000000000000227e+02 8.233190000000000846e-28
4.283999999999999773e+02 8.241089999999999414e-28
4.431999999999999886e+02 8.181779999999999919e-28
4.595000000000000000e+02 8.048160000000000003e-28
4.781999999999999886e+02 7.825830000000000605e-28
5.010999999999999659e+02 7.483610000000001047e-28
5.363999999999999773e+02 6.877220000000001252e-28
5.898999999999999773e+02 5.936120000000000778e-28
6.227000000000000455e+02 5.401660000000000637e-28
6.522999999999999545e+02 4.960929999999999809e-28
6.806999999999999318e+02 4.577100000000000216e-28
7.087000000000000455e+02 4.234990000000000731e-28
7.367999999999999545e+02 3.925469999999999766e-28
7.652999999999999545e+02 3.643070000000000123e-28
7.943999999999999773e+02 3.384130000000000103e-28
8.209250000000000682e+02 3.172320000000000161e-28
8.470819999999999936e+02 2.986650000000000197e-28
8.749829999999999472e+02 2.811830000000000356e-28
9.028830000000000382e+02 2.658559999999999845e-28
9.325270000000000437e+02 2.516550000000000463e-28
9.639159999999999400e+02 2.386380000000000069e-28
9.967530000000000427e+02 2.268740000000000182e-28
1.032550000000000182e+03 2.158760000000000089e-28
1.070589999999999918e+03 2.059530000000000257e-28
1.113099999999999909e+03 1.965850000000000202e-28
1.164570000000000164e+03 1.869869999999999942e-28
1.245420000000000073e+03 1.738609999999999924e-28
1.327109999999999900e+03 1.619250000000000156e-28
1.404990000000000009e+03 1.517699999999999922e-28
1.483480000000000018e+03 1.426830000000000044e-28
1.565720000000000027e+03 1.342969999999999957e-28
1.647950000000000045e+03 1.269620000000000011e-28
1.731519999999999982e+03 1.204709999999999910e-28
1.821120000000000118e+03 1.144600000000000168e-28
1.914779999999999973e+03 1.090790000000000071e-28
2.016589999999999918e+03 1.040930000000000155e-28
2.133139999999999873e+03 9.923490000000000967e-29
2.261190000000000055e+03 9.466099999999999699e-29
2.394569999999999709e+03 9.061750000000001155e-29
2.538630000000000109e+03 8.696299999999999640e-29
2.694210000000000036e+03 8.370540000000000124e-29
2.866140000000000327e+03 8.078140000000000313e-29
3.047620000000000346e+03 7.833710000000000995e-29
3.257760000000000218e+03 7.615860000000000827e-29
3.515650000000000091e+03 7.414980000000000001e-29
3.926849999999999909e+03 7.167469999999999531e-29
4.371130000000000109e+03 6.958910000000000507e-29
4.864340000000000146e+03 6.785199999999999590e-29
5.997500000000000000e+03 6.471420000000000215e-29
6.531630000000000109e+03 6.271320000000000335e-29
7.203590000000000146e+03 5.963450000000000243e-29
8.928569999999999709e+03 5.101769999999999900e-29
9.614489999999999782e+03 4.791050000000000359e-29
1.026350000000000000e+04 4.531420000000000053e-29
1.095889999999999964e+04 4.287230000000000294e-29
1.170069999999999891e+04 4.060110000000000299e-29
1.248879999999999927e+04 3.850039999999999874e-29
1.341600000000000000e+04 3.634649999999999803e-29
1.461459999999999854e+04 3.389480000000000492e-29
1.587079999999999927e+04 3.159590000000000714e-29
1.712689999999999782e+04 2.954680000000000041e-29
1.838309999999999854e+04 2.772669999999999871e-29
1.963919999999999709e+04 2.611500000000000120e-29
2.097390000000000146e+04 2.460769999999999932e-29
2.232020000000000073e+04 2.327670000000000255e-29
2.377530000000000291e+04 2.202120000000000299e-29
2.539209999999999854e+04 2.080660000000000220e-29
2.733229999999999927e+04 1.953190000000000154e-29
3.000000000000000000e+04 1.795460000000000050e-29
