1.000000000000000056e-01 0.000000000000000000e+00
1.000000000000000056e-01 0.000000000000000000e+00
2.000000000000000111e-01 8.297789999999999780e-69
4.000000000000000222e-01 1.768498000000000040e-56
8.000000000000000444e-01 7.535379999999999036e-48
1.000000000000000000e+00 1.138589999999999852e-45
2.000000000000000000e+00 2.555209999999999759e-40
2.378410000000000135e+00 2.915270000000000123e-39
2.708509999999999973e+00 1.568544999999999974e-38
2.741709999999999869e+00 1.825668000000000013e-38
2.757940000000000058e+00 1.964258000000000054e-38
2.774010000000000087e+00 2.110479999999999793e-38
2.789919999999999956e+00 2.264529999999999937e-38
2.805670000000000108e+00 2.426639999999999648e-38
2.821260000000000101e+00 2.597029999999999907e-38
2.844320000000000181e+00 2.868170000000000230e-38
2.867080000000000073e+00 3.159749999999999791e-38
2.889429999999999943e+00 3.470860000000000129e-38
2.911480000000000068e+00 3.803729999999999852e-38
2.933120000000000172e+00 4.157120000000000071e-38
2.954469999999999708e+00 4.533409999999999733e-38
2.975410000000000110e+00 4.931069999999999887e-38
2.996070000000000011e+00 5.352579999999999879e-38
3.016319999999999890e+00 5.796070000000000760e-38
3.036290000000000155e+00 6.264170000000000124e-38
3.055870000000000086e+00 6.754670000000000069e-38
3.075159999999999894e+00 7.270320000000000336e-38
3.100530000000000008e+00 8.000239999999999817e-38
3.125310000000000255e+00 8.773589999999999851e-38
3.149499999999999744e+00 9.590349999999998165e-38
3.173120000000000385e+00 1.045031999999999814e-37
3.196169999999999956e+00 1.135310999999999879e-37
3.218649999999999789e+00 1.229817999999999828e-37
3.240589999999999637e+00 1.328482999999999955e-37
3.261979999999999880e+00 1.431216999999999912e-37
3.282839999999999758e+00 1.537920000000000031e-37
3.303169999999999717e+00 1.648477999999999991e-37
3.332629999999999981e+00 1.820792000000000009e-37
3.361110000000000042e+00 2.001945000000000241e-37
3.388349999999999973e+00 2.189500000000000016e-37
3.414669999999999650e+00 2.384879999999999752e-37
3.439830000000000165e+00 2.585409999999999822e-37
3.464109999999999800e+00 2.792590000000000048e-37
3.494899999999999896e+00 3.075659999999999866e-37
3.524509999999999810e+00 3.370749999999999903e-37
3.552500000000000213e+00 3.671659999999999866e-37
3.578940000000000232e+00 3.976789999999999639e-37
3.603909999999999947e+00 4.284559999999999500e-37
3.627469999999999750e+00 4.593530000000000387e-37
3.660509999999999931e+00 5.058660000000000070e-37
3.690430000000000099e+00 5.514119999999999979e-37
3.718110000000000248e+00 5.966000000000000125e-37
3.752229999999999954e+00 6.566309999999999407e-37
3.782340000000000035e+00 7.138149999999999534e-37
3.808880000000000265e+00 7.676909999999998672e-37
3.842540000000000067e+00 8.409359999999998793e-37
3.870939999999999603e+00 9.072769999999998814e-37
3.902810000000000112e+00 9.869790000000000368e-37
3.937239999999999629e+00 1.079707000000000007e-36
3.968499999999999694e+00 1.170156000000000029e-36
4.000000000000000000e+00 1.267740000000000028e-36
4.032540000000000013e+00 1.375681999999999955e-36
4.065000000000000391e+00 1.491012000000000131e-36
4.097290000000000099e+00 1.613762999999999931e-36
4.129510000000000680e+00 1.744591999999999964e-36
4.161550000000000082e+00 1.883499999999999812e-36
4.193500000000000227e+00 2.031200000000000182e-36
4.225279999999999703e+00 2.187649999999999958e-36
4.256959999999999411e+00 2.353620000000000027e-36
4.299129999999999896e+00 2.590839999999999978e-36
4.341050000000000075e+00 2.846249999999999727e-36
4.382719999999999949e+00 3.120709999999999883e-36
4.424120000000000275e+00 3.415100000000000031e-36
4.465260000000000673e+00 3.730320000000000064e-36
4.506129999999999747e+00 4.067209999999999614e-36
4.546729999999999272e+00 4.426669999999999911e-36
4.587049999999999628e+00 4.809549999999999740e-36
4.627080000000000304e+00 5.216719999999999532e-36
4.666840000000000543e+00 5.649030000000000077e-36
4.706310000000000215e+00 6.107319999999999672e-36
4.745479999999999698e+00 6.592399999999999824e-36
4.784359999999999502e+00 7.105079999999999367e-36
4.822950000000000514e+00 7.646150000000000168e-36
4.861240000000000450e+00 8.216379999999999106e-36
4.899220000000000574e+00 8.816510000000000280e-36
4.955700000000000216e+00 9.775609999999999849e-36
5.011350000000000193e+00 1.080327999999999893e-35
5.066440000000000055e+00 1.190706999999999840e-35
5.120689999999999742e+00 1.308317999999999961e-35
5.174380000000000202e+00 1.433959999999999956e-35
5.227210000000000356e+00 1.567139999999999981e-35
5.279469999999999885e+00 1.708699999999999634e-35
5.330879999999999619e+00 1.858022999999999958e-35
5.381699999999999484e+00 2.015996999999999994e-35
5.431680000000000064e+00 2.181879999999999953e-35
5.481060000000000265e+00 2.356610000000000117e-35
5.513539999999999885e+00 2.477630000000000430e-35
5.578050000000000175e+00 2.733029999999999823e-35
5.641270000000000451e+00 3.003709999999999894e-35
5.703190000000000204e+00 3.289609999999999582e-35
5.763819999999999943e+00 3.590590000000000327e-35
5.823179999999999801e+00 3.906489999999999656e-35
5.881260000000000154e+00 4.237039999999999469e-35
5.938080000000000247e+00 4.581920000000000163e-35
5.993640000000000079e+00 4.940799999999999905e-35
6.047969999999999402e+00 5.313249999999999193e-35
6.126959999999999518e+00 5.894779999999999638e-35
6.203640000000000043e+00 6.507259999999999522e-35
6.277249999999999552e+00 7.142310000000000019e-35
6.348629999999999995e+00 7.804600000000000486e-35
6.417089999999999961e+00 8.485009999999999867e-35
6.483400000000000496e+00 9.188479999999998823e-35
6.567779999999999951e+00 1.015018999999999915e-34
6.649259999999999948e+00 1.115308999999999913e-34
6.726560000000000095e+00 1.217589000000000083e-34
6.799849999999999284e+00 1.321291000000000138e-34
6.869279999999999831e+00 1.425872000000000116e-34
6.935010000000000119e+00 1.530815999999999756e-34
7.027509999999999479e+00 1.688696999999999990e-34
7.111620000000000275e+00 1.843150000000000025e-34
7.189680000000000071e+00 1.996232999999999778e-34
7.286299999999999777e+00 2.199330000000000195e-34
7.371909999999999741e+00 2.392480000000000093e-34
7.481020000000000003e+00 2.657589999999999633e-34
7.573579999999999757e+00 2.899970000000000147e-34
7.677999999999999936e+00 3.193699999999999384e-34
7.787200000000000344e+00 3.525019999999999552e-34
7.862539999999999196e+00 3.768719999999999695e-34
7.953920000000000101e+00 4.081499999999999822e-34
8.055979999999999919e+00 4.454149999999999156e-34
8.165560000000001040e+00 4.882829999999999866e-34
8.269650000000000389e+00 5.318689999999999971e-34
8.368430000000000035e+00 5.759319999999999456e-34
8.462110000000000909e+00 6.202469999999999711e-34
8.594179999999999708e+00 6.870810000000000117e-34
8.714539999999999509e+00 7.526309999999999697e-34
8.826449999999999463e+00 8.177399999999999642e-34
8.965259999999998897e+00 9.043129999999999585e-34
9.088509999999999422e+00 9.868190000000001459e-34
9.197739999999999583e+00 1.064562999999999998e-33
9.336990000000000123e+00 1.170237000000000111e-33
9.455160000000001119e+00 1.265904000000000118e-33
9.588530000000000442e+00 1.380744999999999966e-33
9.733500000000001151e+00 1.514190999999999849e-33
9.865850000000000009e+00 1.644158000000000219e-33
1.000000000000000000e+01 1.784130000000000121e-33
1.016290000000000049e+01 1.966785000000000071e-33
1.032500000000000107e+01 2.161829999999999757e-33
1.048540000000000028e+01 2.368429999999999727e-33
1.064489999999999981e+01 2.587799999999999951e-33
1.080259999999999998e+01 2.818909999999999969e-33
1.095920000000000094e+01 3.063010000000000036e-33
1.106269999999999953e+01 3.232419999999999856e-33
1.126940000000000097e+01 3.590739999999999764e-33
1.147319999999999851e+01 3.971359999999999580e-33
1.167419999999999902e+01 4.374119999999999266e-33
1.187230000000000096e+01 4.798690000000000325e-33
1.206729999999999947e+01 5.244659999999999795e-33
1.225939999999999941e+01 5.711530000000000038e-33
1.244830000000000148e+01 6.198700000000000055e-33
1.263410000000000011e+01 6.705510000000000803e-33
1.290620000000000012e+01 7.498729999999998878e-33
1.317249999999999943e+01 8.335970000000000822e-33
1.343019999999999925e+01 9.205350000000000562e-33
1.368190000000000062e+01 1.011283999999999982e-32
1.392500000000000071e+01 1.104544999999999888e-32
1.416199999999999903e+01 1.200957999999999927e-32
1.447090000000000032e+01 1.334870999999999925e-32
1.476650000000000063e+01 1.472116999999999992e-32
1.504920000000000080e+01 1.611835000000000065e-32
1.531910000000000061e+01 1.753191999999999761e-32
1.569860000000000078e+01 1.965444999999999941e-32
1.605519999999999925e+01 2.179489999999999999e-32
1.638229999999999720e+01 2.388640000000000037e-32
1.668829999999999814e+01 2.595599999999999716e-32
1.707019999999999982e+01 2.869529999999999828e-32
1.741150000000000020e+01 3.129289999999999731e-32
1.785960000000000036e+01 3.492019999999999721e-32
1.833980000000000032e+01 3.908550000000000136e-32
1.874139999999999873e+01 4.279480000000000260e-32
1.918159999999999954e+01 4.709730000000000136e-32
1.972339999999999804e+01 5.273919999999999782e-32
2.025499999999999901e+01 5.869497352425481955e-32
2.075839999999999819e+01 6.468527633819948797e-32
2.124169999999999803e+01 7.076019619530752300e-32
2.193280000000000030e+01 8.001713766816141557e-32
2.257260000000000133e+01 8.915187824711280520e-32
2.317599999999999838e+01 9.825249999999999249e-32
2.393590000000000018e+01 1.104552000000000027e-31
2.462109999999999843e+01 1.221296000000000102e-31
2.551099999999999923e+01 1.382275999999999807e-31
2.628049999999999997e+01 1.529903999999999933e-31
2.716469999999999985e+01 1.709045000000000207e-31
2.784740000000000038e+01 1.854157999999999800e-31
2.890370000000000061e+01 2.090120000000000269e-31
3.000000000000000000e+01 2.349300000000000229e-31
3.109839999999999804e+01 2.625749999999999714e-31
3.253739999999999810e+01 3.008899999999999870e-31
3.379270000000000351e+01 3.361719999999999947e-31
3.524780000000000513e+01 3.791099999999999471e-31
3.638009999999999877e+01 4.139519999999999967e-31
3.814719999999999800e+01 4.706559999999999974e-31
4.000000000000000000e+01 5.329299999999999479e-31
4.229490000000000549e+01 6.146109999999999415e-31
4.410200000000000387e+01 6.815369999999999794e-31
4.695850000000000080e+01 7.913780000000000920e-31
5.000000000000000000e+01 9.129199999999998987e-31
5.477230000000000132e+01 1.113971334353572687e-30
6.000000000000000000e+01 1.341309999999999966e-30
7.000000000000000000e+01 1.794169999999999972e-30
8.485280000000000200e+01 2.480722031421528317e-30
9.486830000000000496e+01 2.939559999999999700e-30
1.106680000000000064e+02 3.660999999999999913e-30
1.194099999999999966e+02 4.044310248462484267e-30
1.264159999999999968e+02 4.341052377437479282e-30
1.377039999999999793e+02 4.793494295051353523e-30
1.500000000000000000e+02 5.255499999999999891e-30
1.611850000000000023e+02 5.693619999999999791e-30
1.701189999999999998e+02 6.024730000000000228e-30
1.844550000000000125e+02 6.522009999999999016e-30
2.114739999999999895e+02 7.393499999999998332e-30
2.299319999999999879e+02 7.954429999999999680e-30
2.500000000000000000e+02 8.503199999999999958e-30
3.000000000000000000e+02 9.773000000000000058e-30
3.500000000000000000e+02 1.086660000000000025e-29
4.000000000000000000e+02 1.181409999999999956e-29
4.500000000000000000e+02 1.263870000000000060e-29
5.000000000000000000e+02 1.335869999999999841e-29
5.500000000000000000e+02 1.398860000000000113e-29
6.000000000000000000e+02 1.454070000000000081e-29
6.500000000000000000e+02 1.502500000000000055e-29
7.245690000000000737e+02 1.563077749386704363e-29
8.000000000000000000e+02 1.614467501293052023e-29
9.000000000000000000e+02 1.668409999999999912e-29
1.000000000000000000e+03 1.710091376378908795e-29
1.100000000000000000e+03 1.742279719466506740e-29
1.249000000000000000e+03 1.781581000000000062e-29
1.500000000000000000e+03 1.833859999999999729e-29
2.100000000000000000e+03 1.913508000000000084e-29
2.400000000000000000e+03 1.928778999999999864e-29
2.800000000000000000e+03 1.935374999999999786e-29
3.200000000000000000e+03 1.929073999999999964e-29
3.400000000000000000e+03 1.924175000000000032e-29
3.898719999999999800e+03 1.903409350999999908e-29
4.500000000000000000e+03 1.873846624999999972e-29
5.000000000000000000e+03 1.846379999999999856e-29
5.500000000000000000e+03 1.815806999999999934e-29
7.745969999999999345e+03 1.667967456300000023e-29
9.000000000000000000e+03 1.601049999999999813e-29
1.000000000000000000e+04 1.574549999999999768e-29
