1.000000000000000056e-01 0.000000000000000000e+00
1.000000000000000056e-01 0.000000000000000000e+00
2.000000000000000111e-01 7.432699999999999102e-67
2.999999999999999889e-01 4.055499999999999916e-59
4.000000000000000222e-01 1.586199999999999959e-54
5.000000000000000000e-01 2.102899999999999984e-51
5.999999999999999778e-01 4.170399999999999892e-49
6.999999999999999556e-01 2.514099999999999933e-47
8.000000000000000444e-01 6.782799999999999694e-46
9.000000000000000222e-01 1.032099999999999961e-44
1.000000000000000000e+00 1.026799999999999991e-43
1.414209999999999967e+00 8.540119999999999343e-41
1.681790000000000118e+00 1.596180000000000014e-39
1.834010000000000140e+00 6.257110000000000108e-39
1.874170000000000114e+00 8.719099999999998992e-39
1.889450000000000074e+00 9.864640000000000086e-39
1.899340000000000028e+00 1.067600000000000036e-38
1.908460000000000045e+00 1.147680000000000049e-38
1.919669999999999987e+00 1.253490000000000114e-38
1.929529999999999967e+00 1.353750000000000103e-38
1.938199999999999923e+00 1.447779999999999888e-38
1.949389999999999956e+00 1.577719999999999889e-38
1.961130000000000262e+00 1.725349999999999907e-38
1.970780000000000198e+00 1.855709999999999861e-38
1.981169999999999876e+00 2.005910000000000052e-38
1.993700000000000250e+00 2.201650000000000127e-38
2.006349999999999856e+00 2.416339999999999815e-38
2.019000000000000128e+00 2.649869999999999929e-38
2.031530000000000058e+00 2.900920000000000061e-38
2.043940000000000090e+00 3.170330000000000115e-38
2.056230000000000224e+00 3.458979999999999841e-38
2.068400000000000016e+00 3.767750000000000035e-38
2.080459999999999976e+00 4.097529999999999495e-38
2.092389999999999972e+00 4.449200000000000060e-38
2.104200000000000070e+00 4.823660000000000098e-38
2.115899999999999892e+00 5.221799999999999451e-38
2.127469999999999750e+00 5.644500000000000482e-38
2.138919999999999710e+00 6.092659999999999992e-38
2.150260000000000282e+00 6.567139999999999636e-38
2.161480000000000068e+00 7.068819999999999165e-38
2.172579999999999956e+00 7.598559999999999189e-38
2.183560000000000390e+00 8.157209999999999704e-38
2.194429999999999659e+00 8.745589999999999908e-38
2.205169999999999852e+00 9.364520000000000044e-38
2.215809999999999835e+00 1.001479999999999913e-37
2.231559999999999988e+00 1.105209999999999853e-37
2.246999999999999886e+00 1.216129999999999910e-37
2.262239999999999807e+00 1.335079999999999884e-37
2.277169999999999916e+00 1.461639999999999875e-37
2.291900000000000048e+00 1.596700000000000039e-37
2.306329999999999991e+00 1.739749999999999960e-37
2.320550000000000335e+00 1.891699999999999978e-37
2.334480000000000111e+00 2.051920000000000035e-37
2.348209999999999908e+00 2.221389999999999967e-37
2.361659999999999648e+00 2.399339999999999887e-37
2.374909999999999854e+00 2.586810000000000184e-37
2.387880000000000003e+00 2.782899999999999880e-37
2.400649999999999729e+00 2.988689999999999731e-37
2.417429999999999968e+00 3.279430000000000118e-37
2.433799999999999741e+00 3.586849999999999575e-37
2.449759999999999938e+00 3.910899999999999833e-37
2.465320000000000178e+00 4.251490000000000168e-37
2.480490000000000084e+00 4.608450000000000372e-37
2.495270000000000099e+00 4.981539999999999906e-37
2.509679999999999911e+00 5.370489999999999938e-37
2.523710000000000342e+00 5.774929999999999253e-37
2.537380000000000191e+00 6.194470000000000002e-37
2.550699999999999967e+00 6.628660000000000235e-37
2.570069999999999855e+00 7.308119999999999684e-37
2.588570000000000260e+00 8.013869999999999305e-37
2.606439999999999646e+00 8.751339999999998250e-37
2.623499999999999943e+00 9.510550000000000469e-37
2.639949999999999797e+00 1.029720000000000061e-36
2.655659999999999688e+00 1.110059999999999931e-36
2.670800000000000285e+00 1.192689999999999985e-36
2.690269999999999939e+00 1.306859999999999921e-36
2.708650000000000002e+00 1.423350000000000004e-36
2.725999999999999979e+00 1.541529999999999841e-36
2.742370000000000196e+00 1.660800000000000005e-36
2.757800000000000029e+00 1.780600000000000017e-36
2.779420000000000002e+00 1.961079999999999743e-36
2.798970000000000180e+00 2.137949999999999741e-36
2.817029999999999923e+00 2.313559999999999956e-36
2.838579999999999881e+00 2.539460000000000162e-36
2.858270000000000088e+00 2.762519999999999858e-36
2.875620000000000065e+00 2.972939999999999766e-36
2.898029999999999884e+00 3.265489999999999509e-36
2.910579999999999945e+00 3.440099999999999955e-36
2.932679999999999954e+00 3.767319999999999897e-36
2.955650000000000333e+00 4.135799999999999433e-36
2.971409999999999663e+00 4.406499999999999547e-36
2.990439999999999987e+00 4.753669999999999790e-36
3.013520000000000199e+00 5.206809999999999552e-36
3.033479999999999954e+00 5.628939999999999615e-36
3.053150000000000031e+00 6.073810000000000716e-36
3.072440000000000282e+00 6.539249999999999015e-36
3.091450000000000031e+00 7.027850000000000174e-36
3.116439999999999877e+00 7.718330000000000407e-36
3.140850000000000364e+00 8.448569999999999744e-36
3.164670000000000094e+00 9.218439999999999181e-36
3.187920000000000087e+00 1.002770000000000035e-35
3.210609999999999964e+00 1.087579999999999975e-35
3.232740000000000169e+00 1.176229999999999860e-35
3.254329999999999945e+00 1.268650000000000009e-35
3.275370000000000115e+00 1.364729999999999990e-35
3.295900000000000052e+00 1.464389999999999902e-35
3.315900000000000070e+00 1.567510000000000026e-35
3.345020000000000326e+00 1.728859999999999910e-35
3.372889999999999944e+00 1.896389999999999861e-35
3.399809999999999999e+00 2.071380000000000172e-35
3.425549999999999873e+00 2.251449999999999968e-35
3.450400000000000134e+00 2.437959999999999711e-35
3.474140000000000228e+00 2.628350000000000151e-35
3.497039999999999704e+00 2.824050000000000228e-35
3.526539999999999786e+00 3.094329999999999990e-35
3.554409999999999847e+00 3.369889999999999660e-35
3.580750000000000099e+00 3.649249999999999590e-35
3.605609999999999982e+00 3.931010000000000304e-35
3.629079999999999639e+00 4.213810000000000004e-35
3.661979999999999791e+00 4.639469999999999825e-35
3.691780000000000062e+00 5.056209999999999816e-35
3.719339999999999868e+00 5.469599999999999760e-35
3.753319999999999990e+00 6.018700000000000586e-35
3.783299999999999663e+00 6.541650000000000334e-35
3.809730000000000061e+00 7.034279999999999766e-35
3.843239999999999768e+00 7.703910000000000607e-35
3.871509999999999785e+00 8.310329999999999608e-35
3.903240000000000265e+00 9.038779999999998979e-35
3.937529999999999752e+00 9.886130000000000074e-35
3.968639999999999723e+00 1.071249999999999956e-34
4.000000000000000000e+00 1.160399999999999960e-34
4.027989999999999959e+00 1.245339999999999947e-34
4.068579999999999863e+00 1.377850000000000070e-34
4.107880000000000642e+00 1.517300000000000044e-34
4.145500000000000185e+00 1.661790000000000061e-34
4.181879999999999598e+00 1.812419999999999954e-34
4.216690000000000715e+00 1.967119999999999916e-34
4.250320000000000320e+00 2.127049999999999879e-34
4.271950000000000358e+00 2.235580000000000037e-34
4.314180000000000348e+00 2.460899999999999835e-34
4.354140000000000121e+00 2.691449999999999634e-34
4.391940000000000843e+00 2.925960000000000032e-34
4.427679999999999616e+00 3.163199999999999839e-34
4.461449999999999250e+00 3.401969999999999623e-34
4.508370000000000211e+00 3.758649999999999912e-34
4.551849999999999952e+00 4.116649999999999830e-34
4.591260000000000119e+00 4.465269999999999402e-34
4.627720000000000056e+00 4.809419999999999239e-34
4.672690000000000232e+00 5.264189999999999430e-34
4.712400000000000588e+00 5.694999999999999405e-34
4.763860000000000205e+00 6.296520000000000450e-34
4.792760000000000353e+00 6.656849999999999253e-34
4.843750000000000000e+00 7.334460000000000535e-34
4.896900000000000475e+00 8.100739999999999312e-34
4.933479999999999421e+00 8.665629999999998457e-34
4.977729999999999322e+00 9.392290000000000910e-34
5.028569999999999318e+00 1.028970000000000051e-33
5.083510000000000417e+00 1.133870000000000074e-33
5.136449999999999960e+00 1.243149999999999854e-33
5.186579999999999302e+00 1.354489999999999867e-33
5.234020000000000117e+00 1.467299999999999930e-33
5.278889999999999638e+00 1.580999999999999991e-33
5.321299999999999919e+00 1.695039999999999875e-33
5.380880000000000329e+00 1.866519999999999716e-33
5.434940000000000104e+00 2.034209999999999983e-33
5.485030000000000072e+00 2.200370000000000100e-33
5.546899999999999942e+00 2.420789999999999675e-33
5.601609999999999978e+00 2.630410000000000106e-33
5.649930000000000341e+00 2.827609999999999726e-33
5.711289999999999978e+00 3.095249999999999824e-33
5.763160000000000061e+00 3.337239999999999689e-33
5.821480000000000210e+00 3.627429999999999882e-33
5.884619999999999962e+00 3.964329999999999750e-33
5.942029999999999923e+00 4.292259999999999754e-33
6.000000000000000000e+00 4.645299999999999777e-33
6.058089999999999975e+00 5.023020000000000016e-33
6.113050000000000317e+00 5.402920000000000004e-33
6.189550000000000551e+00 5.969869999999999723e-33
6.260589999999999655e+00 6.538260000000000469e-33
6.325080000000000702e+00 7.091139999999999371e-33
6.384830000000000005e+00 7.636329999999998713e-33
6.458669999999999689e+00 8.355840000000000109e-33
6.523980000000000778e+00 9.036499999999999849e-33
6.608760000000000190e+00 9.985369999999999951e-33
6.656439999999999912e+00 1.055289999999999904e-32
6.740720000000000489e+00 1.161870000000000018e-32
6.828739999999999810e+00 1.282129999999999892e-32
6.889420000000000321e+00 1.370630000000000091e-32
6.962939999999999685e+00 1.484269999999999949e-32
7.029269999999999463e+00 1.593169999999999862e-32
7.114110000000000156e+00 1.741760000000000091e-32
7.191170000000000506e+00 1.885989999999999730e-32
7.262599999999999945e+00 2.027949999999999882e-32
7.350929999999999964e+00 2.214910000000000149e-32
7.429090000000000416e+00 2.391409999999999899e-32
7.530619999999999870e+00 2.636900000000000339e-32
7.638099999999999667e+00 2.917780000000000331e-32
7.727009999999999934e+00 3.167299999999999991e-32
7.823419999999999597e+00 3.456299999999999619e-32
7.911220000000000141e+00 3.736909999999999710e-32
8.029500000000000526e+00 4.142759999999999881e-32
8.114919999999999689e+00 4.457039999999999766e-32
8.220609999999998863e+00 4.871019999999999772e-32
8.314220000000000610e+00 5.261829999999999383e-32
8.435909999999999798e+00 5.805409999999999788e-32
8.564860000000001250e+00 6.427329999999999827e-32
8.671630000000000393e+00 6.979770000000000369e-32
8.787509999999999266e+00 7.619499999999999736e-32
8.893119999999999692e+00 8.240539999999999772e-32
9.000000000000000000e+00 8.907400000000000100e-32
9.119310000000000471e+00 9.701519999999999672e-32
9.271639999999999660e+00 1.079179999999999801e-31
9.401079999999998549e+00 1.178870000000000053e-31
9.547359999999999403e+00 1.299680000000000175e-31
9.700599999999999667e+00 1.435939999999999934e-31
9.806479999999998753e+00 1.536139999999999939e-31
9.935070000000001400e+00 1.664719999999999845e-31
1.005969999999999942e+01 1.797049999999999857e-31
1.022589999999999932e+01 1.985639999999999788e-31
1.040230000000000032e+01 2.201450000000000172e-31
1.054860000000000042e+01 2.393169999999999906e-31
1.070759999999999934e+01 2.615169999999999928e-31
1.085279999999999845e+01 2.830660000000000072e-31
1.100000000000000000e+01 3.062000000000000154e-31
1.117330000000000112e+01 3.352739999999999610e-31
1.132050000000000090e+01 3.614899999999999563e-31
1.148670000000000080e+01 3.928369999999999304e-31
1.166739999999999888e+01 4.291079999999999771e-31
1.188809999999999967e+01 4.765720000000000263e-31
1.205790000000000006e+01 5.156440000000000162e-31
1.222610000000000063e+01 5.566729999999999616e-31
1.243490000000000073e+01 6.107889999999999791e-31
1.262059999999999960e+01 6.619359999999999931e-31
1.286289999999999978e+01 7.331439999999999993e-31
1.312080000000000091e+01 8.146769999999999804e-31
1.333530000000000015e+01 8.871279999999999808e-31
1.356899999999999906e+01 9.710359999999998535e-31
1.378279999999999994e+01 1.052480000000000066e-30
1.400000000000000000e+01 1.139899999999999882e-30
1.423559999999999981e+01 1.241049999999999993e-30
1.453770000000000095e+01 1.379470000000000016e-30
1.479540000000000077e+01 1.505590000000000079e-30
1.508779999999999966e+01 1.657849999999999938e-30
1.531079999999999863e+01 1.780759999999999917e-30
1.565160000000000196e+01 1.980070000000000013e-30
1.600000000000000000e+01 2.198599999999999724e-30
1.634220000000000184e+01 2.430339999999999974e-30
1.663429999999999964e+01 2.640369999999999796e-30
1.696570000000000178e+01 2.892689999999999588e-30
1.732809999999999917e+01 3.185979999999999957e-30
1.766080000000000183e+01 3.471609999999999732e-30
1.800000000000000000e+01 3.779100000000000009e-30
1.845000000000000284e+01 4.217490000000000183e-30
1.882590000000000074e+01 4.607329999999999903e-30
1.923710000000000164e+01 5.058959999999999440e-30
1.974239999999999995e+01 5.650509999999999742e-30
2.000000000000000000e+01 5.967799999999999735e-30
2.048229999999999862e+01 6.597409999999999454e-30
2.085160000000000124e+01 7.105970000000000185e-30
2.141809999999999903e+01 7.931079999999999794e-30
2.200000000000000000e+01 8.835899999999999360e-30
2.266799999999999926e+01 9.959789999999999885e-30
2.313499999999999801e+01 1.079319999999999987e-29
2.370809999999999818e+01 1.186989999999999916e-29
2.424129999999999896e+01 1.293080000000000138e-29
2.485529999999999973e+01 1.422610000000000010e-29
2.561270000000000024e+01 1.592139999999999884e-29
2.624200000000000088e+01 1.741910000000000157e-29
2.685679999999999978e+01 1.896710000000000024e-29
2.761359999999999815e+01 2.097269999999999944e-29
2.824249999999999972e+01 2.273159999999999886e-29
2.923380000000000223e+01 2.568300000000000026e-29
3.000000000000000000e+01 2.809599999999999943e-29
3.500000000000000000e+01 4.707299999999999896e-29
4.000000000000000000e+01 7.163600000000000137e-29
4.500000000000000000e+01 1.017300000000000093e-28
5.000000000000000000e+01 1.370200000000000008e-28
5.500000000000000000e+01 1.768599999999999996e-28
6.000000000000000000e+01 2.202100000000000214e-28
7.000000000000000000e+01 3.113399999999999906e-28
7.500000000000000000e+01 3.553500000000000030e-28
8.000000000000000000e+01 3.957100000000000052e-28
8.500000000000000000e+01 4.306799999999999653e-28
9.000000000000000000e+01 4.590199999999999716e-28
9.500000000000000000e+01 4.800500000000000162e-28
1.000000000000000000e+02 4.936999999999999711e-28
1.020000000000000000e+02 4.971799999999999456e-28
1.040000000000000000e+02 4.995899999999999993e-28
1.080000000000000000e+02 5.014199999999999527e-28
1.120000000000000000e+02 4.996900000000000414e-28
1.140000000000000000e+02 4.976600000000000039e-28
1.200000000000000000e+02 4.876900000000000179e-28
1.250000000000000000e+02 4.759199999999999926e-28
1.300000000000000000e+02 4.619399999999999976e-28
1.400000000000000000e+02 4.302699999999999453e-28
1.500000000000000000e+02 3.970400000000000174e-28
1.600000000000000000e+02 3.647499999999999645e-28
1.700000000000000000e+02 3.346499999999999536e-28
1.800000000000000000e+02 3.072299999999999844e-28
1.900000000000000000e+02 2.825600000000000056e-28
2.000000000000000000e+02 2.605100000000000164e-28
2.200000000000000000e+02 2.233200000000000108e-28
2.400000000000000000e+02 1.936900000000000047e-28
2.600000000000000000e+02 1.698499999999999847e-28
2.800000000000000000e+02 1.504599999999999974e-28
3.000000000000000000e+02 1.344799999999999910e-28
3.200000000000000000e+02 1.211599999999999866e-28
3.400000000000000000e+02 1.099399999999999907e-28
3.600000000000000000e+02 1.003899999999999997e-28
3.800000000000000000e+02 9.218199999999999316e-29
4.000000000000000000e+02 8.507400000000000076e-29
4.200000000000000000e+02 7.886999999999998892e-29
4.400000000000000000e+02 7.341999999999999547e-29
4.600000000000000000e+02 6.860000000000000011e-29
4.800000000000000000e+02 6.431499999999999877e-29
5.000000000000000000e+02 6.048500000000000042e-29
5.500000000000000000e+02 5.250399999999999608e-29
6.000000000000000000e+02 4.624899999999999822e-29
6.500000000000000000e+02 4.123999999999999895e-29
7.000000000000000000e+02 3.715700000000000049e-29
7.500000000000000000e+02 3.377799999999999940e-29
8.000000000000000000e+02 3.094400000000000101e-29
8.500000000000000000e+02 2.854099999999999932e-29
9.000000000000000000e+02 2.648300000000000033e-29
9.500000000000000000e+02 2.470499999999999800e-29
1.000000000000000000e+03 2.315800000000000075e-29
1.100000000000000000e+03 2.060700000000000051e-29
1.200000000000000000e+03 1.860300000000000023e-29
1.300000000000000000e+03 1.699899999999999999e-29
1.400000000000000000e+03 1.569499999999999977e-29
1.500000000000000000e+03 1.461999999999999898e-29
1.600000000000000000e+03 1.372500000000000044e-29
1.700000000000000000e+03 1.297099999999999887e-29
1.800000000000000000e+03 1.233299999999999915e-29
1.900000000000000000e+03 1.178799999999999924e-29
2.000000000000000000e+03 1.131999999999999870e-29
2.100000000000000000e+03 1.091599999999999856e-29
2.200000000000000000e+03 1.056699999999999996e-29
2.300000000000000000e+03 1.026299999999999982e-29
2.400000000000000000e+03 9.999500000000000119e-30
2.500000000000000000e+03 9.769699999999999825e-30
2.600000000000000000e+03 9.569500000000000643e-30
2.700000000000000000e+03 9.395199999999999808e-30
2.800000000000000000e+03 9.243800000000000036e-30
3.000000000000000000e+03 8.999199999999999887e-30
3.200000000000000000e+03 8.818399999999999569e-30
3.400000000000000000e+03 8.687699999999998838e-30
3.600000000000000000e+03 8.597499999999999946e-30
3.800000000000000000e+03 8.526200000000000604e-30
4.800000000000000000e+03 8.152299999999999483e-30
5.200000000000000000e+03 7.950899999999999707e-30
5.800000000000000000e+03 7.569499999999999075e-30
6.600000000000000000e+03 7.044199999999999584e-30
7.000000000000000000e+03 6.797899999999999527e-30
8.000000000000000000e+03 6.123399999999999485e-30
8.500000000000000000e+03 5.827800000000000004e-30
9.000000000000000000e+03 5.567999999999999567e-30
9.500000000000000000e+03 5.336500000000000066e-30
1.000000000000000000e+04 5.137199999999999929e-30
1.100000000000000000e+04 4.777299999999999902e-30
1.140000000000000000e+04 4.653100000000000054e-30
1.200000000000000000e+04 4.481700000000000421e-30
1.275000000000000000e+04 4.283699999999999760e-30
1.336000000000000000e+04 4.153599999999999326e-30
1.350000000000000000e+04 4.115499999999999376e-30
1.500000000000000000e+04 3.839800000000000174e-30
1.650000000000000000e+04 3.612699999999999816e-30
1.800000000000000000e+04 3.427800000000000504e-30
1.900000000000000000e+04 3.322599999999999789e-30
2.000000000000000000e+04 3.229699999999999560e-30
2.250000000000000000e+04 3.039899999999999690e-30
2.400000000000000000e+04 2.949399999999999949e-30
2.500000000000000000e+04 2.897299999999999956e-30
2.750000000000000000e+04 2.789199999999999790e-30
3.000000000000000000e+04 2.706199999999999909e-30
